Radix = 10;
CoefData = -0.000366,0.000000,0.002563,0.000000,-0.010284,0.000000,0.030762,0.000000,-0.082184,0.000000,0.309509,0.500000,0.309509,0.000000,-0.082184,0.000000,0.030762,0.000000,-0.010284,0.000000,0.002563,0.000000,-0.000366